# This file may be used to create an environment using:
# $ conda create --name <env> --file <this file>
# platform: win-64
brotli-python=1.0.9=py312hd77b12b_7
bzip2=1.0.8=h2bbff1b_5
ca-certificates=2024.3.11=haa95532_0
certifi=2024.2.2=py312haa95532_0
charset-normalizer=2.0.4=pyhd3eb1b0_0
click=8.1.7=py312haa95532_0
colorama=0.4.6=py312haa95532_0
expat=2.5.0=hd77b12b_0
flask=2.2.2=py312haa95532_0
icu=73.2=h63175ca_0
idna=3.4=py312haa95532_0
itsdangerous=2.0.1=pyhd3eb1b0_0
jinja2=3.1.3=py312haa95532_0
libabseil=20240116.1=cxx17_h63175ca_2
libevent=2.1.12=h56d1f94_1
libexpat=2.5.0=h63175ca_1
libffi=3.4.4=hd77b12b_0
libprotobuf=4.25.3=h503648d_0
libsqlite=3.45.2=hcfcfb64_0
libzlib=1.2.13=hcfcfb64_5
lz4-c=1.9.4=h2bbff1b_0
markupsafe=2.1.3=py312h2bbff1b_0
mysql=8.3.0=h9c18f36_4
mysql-client=8.3.0=hed9f4ee_4
mysql-common=8.3.0=hde014ed_4
mysql-connector-python=8.1.0=pypi_0
mysql-devel=8.3.0=hde014ed_4
mysql-libs=8.3.0=h8b0d2c3_4
mysql-server=8.3.0=hc30495c_4
openssl=3.2.1=hcfcfb64_1
pip=23.3.1=py312haa95532_0
protobuf=4.21.12=pypi_0
pysocks=1.7.1=py312haa95532_0
python=3.12.2=h2628c8c_0_cpython
python-dotenv=1.0.0=pyhd8ed1ab_1
python_abi=3.12=4_cp312
requests=2.31.0=py312haa95532_1
setuptools=68.2.2=py312haa95532_0
sqlite=3.41.2=h2bbff1b_0
tk=8.6.13=h5226925_1
tzdata=2024a=h04d1e81_0
ucrt=10.0.20348.0=haa95532_0
urllib3=2.1.0=py312haa95532_1
vc=14.2=h21ff451_1
vc14_runtime=14.38.33130=h82b7239_18
vs2015_runtime=14.38.33130=hcb4865c_18
werkzeug=2.3.8=py312haa95532_0
wheel=0.41.2=py312haa95532_0
win_inet_pton=1.1.0=py312haa95532_0
xz=5.4.6=h8cc25b3_0
zlib=1.2.13=hcfcfb64_5
zstd=1.5.5=hd43e919_0
